zly 101 102 201 301
yzby 101 102 201 301
dsw 101 102 201 301
gs 101 102 201 301
qmkkx 101 102 201 301
xie 101 102 201 301
yfrz 101 102 201 301
gsgj 101 102 201 301
yfasm 101 102 201 301
jd 101 102 201 301
ddl 101 102 201 301
ysd 101 102 201 301
qd 101 102 201 301
yzbzz 101 102 201 301
mtk 101 102 201 301
fd 101 102 201 301
dh 101 102 201 301
xrh 101 102 201 301
wal 101 102 201 301
zj 101 102 201 301
rxnc 101 102 201 301
kjl 101 102 201 301
xwmr 101 102 201 301
cyy 101 102 201 301
sj 101 102 201 301
nllw 101 102 201 301
qzy 101 102 201 301
rxct 101 102 201 301
lkl 101 102 201 301
ynzn 101 102 201 301
szjy 101 102 201 301
tt 101 102 201 301
qddc 101 102 201 301